9.384e-3, 0.5204
9.3763e-3, 0.5213
9.3687e-3, 0.5224
9.361e-3, 0.5232
0.0189, 0.5243
0.0189, 0.5252
0.0189, 0.5262
0.0189, 0.5272
0.0189, 0.5281
0.0189, 0.5291
0.0189, 0.53
0.0188, 0.531
0.0188, 0.532
0.0188, 0.5329
0.0188, 0.5339
0.0188, 0.5349
0.0188, 0.5358
0.0188, 0.5368
0.0188, 0.5377
0.0188, 0.5387
0.0188, 0.5396
0.0188, 0.5406
0.0188, 0.5415
0.0188, 0.5425
0.0187, 0.5434
0.0187, 0.5445
0.0187, 0.5453
0.0187, 0.5464
0.0187, 0.5474
0.0187, 0.5483
0.0187, 0.5493
0.0187, 0.5502
0.0187, 0.5512
0.0187, 0.5522
0.0187, 0.5531
0.0187, 0.5541
0.0187, 0.555
0.0186, 0.556
0.0186, 0.557
0.0186, 0.5579
0.0186, 0.5589
0.0186, 0.5598
0.0282, 0.5608
0.0281, 0.5617
0.0281, 0.5627
0.0281, 0.5636
0.0281, 0.5647
0.0281, 0.5655
0.0281, 0.5666
0.0281, 0.5675
0.0281, 0.5685
0.0281, 0.5695
0.0281, 0.5704
0.0281, 0.5714
0.0281, 0.5724
0.0281, 0.5733
0.028, 0.5743
0.028, 0.5752
0.028, 0.5762
0.028, 0.5772
0.028, 0.5781
0.028, 0.5791
0.028, 0.58
0.028, 0.581
0.028, 0.5819
0.028, 0.5829
0.028, 0.5838
0.028, 0.5849
0.028, 0.5857
0.0279, 0.5868
0.0279, 0.5877
0.0279, 0.5887
0.0279, 0.5897
0.0279, 0.5906
0.0279, 0.5916
0.0279, 0.5925
0.0279, 0.5935
0.0279, 0.5945
0.0279, 0.5954
0.0279, 0.5964
0.0279, 0.5974
0.0279, 0.5983
0.0278, 0.5993
0.0278, 0.6002
0.0278, 0.6012
0.0278, 0.6021
0.0278, 0.6031
0.0278, 0.604
0.0278, 0.605
0.0278, 0.6059
0.0278, 0.607
0.0278, 0.6078
0.0278, 0.6089
0.0278, 0.6099
0.0278, 0.6108
0.0373, 0.6118
0.0373, 0.6127
0.0373, 0.6137
0.0373, 0.6147
0.0373, 0.6156
0.0373, 0.6166
0.0373, 0.6175
0.0372, 0.6185
0.0372, 0.6195
0.0372, 0.6204
0.0372, 0.6214
0.0372, 0.6223
0.0372, 0.6233
0.0372, 0.6242
0.0372, 0.6252
0.0372, 0.6261
0.0372, 0.6272
0.0372, 0.628
0.0372, 0.6291
0.0372, 0.63
0.0371, 0.631
0.0371, 0.632
0.0371, 0.6329
0.0371, 0.6339
0.0371, 0.6349
0.0371, 0.6358
0.0371, 0.6368
0.0371, 0.6377
0.0371, 0.6387
0.0371, 0.6397
0.0371, 0.6406
0.0371, 0.6416
0.0371, 0.6425
0.037, 0.6435
0.037, 0.6444
0.037, 0.6454
0.037, 0.6463
0.037, 0.6474
0.037, 0.6482
0.037, 0.6493
0.037, 0.6502
0.037, 0.6512
0.037, 0.6522
0.0465, 0.6531
0.0465, 0.6541
0.0465, 0.655
0.0465, 0.656
0.0465, 0.657
0.0465, 0.6579
0.0465, 0.6589
0.0465, 0.6599
0.0465, 0.6608
0.0464, 0.6618
0.0464, 0.6627
0.0464, 0.6637
0.0464, 0.6646
0.0464, 0.6656
0.0464, 0.6665
0.0464, 0.6675
0.0464, 0.6684
0.0464, 0.6695
0.0464, 0.6703
0.0464, 0.6714
0.0464, 0.6724
0.0464, 0.6733
0.0463, 0.6743
0.0463, 0.6752
0.0463, 0.6762
0.0463, 0.6772
0.0463, 0.6781
0.0463, 0.6791
0.0463, 0.68
0.0463, 0.681
0.0463, 0.682
0.0463, 0.6829
0.0463, 0.6839
0.0463, 0.6848
0.0463, 0.6858
0.0462, 0.6867
0.0462, 0.6877
0.0462, 0.6886
0.0462, 0.6897
0.0462, 0.6905
0.0462, 0.6916
0.0462, 0.6925
0.0462, 0.6935
0.0462, 0.6945
0.0462, 0.6954
0.0462, 0.6964
0.0462, 0.6974
0.0462, 0.6983
0.0461, 0.6993
0.0461, 0.7002
0.0461, 0.7012
0.0461, 0.7022
0.0461, 0.7031
0.0461, 0.7041
0.0461, 0.705
0.0461, 0.706
0.0461, 0.7069
0.0461, 0.7079
0.0461, 0.7088
0.0461, 0.7099
0.0461, 0.7107
0.046, 0.7118
0.046, 0.7127
0.046, 0.7137
0.046, 0.7147
0.046, 0.7156
0.046, 0.7166
0.046, 0.7175
0.046, 0.7185
0.046, 0.7195
0.046, 0.7204
0.046, 0.7214
0.046, 0.7224
0.046, 0.7233
0.0459, 0.7243
0.0459, 0.7252
0.0459, 0.7262
0.0459, 0.7271
0.0459, 0.7281
0.0459, 0.729
0.0554, 0.73
0.0554, 0.7309
0.0554, 0.732
0.0554, 0.7328
0.0554, 0.7339
0.0554, 0.7349
0.0554, 0.7358
0.0554, 0.7368
0.0554, 0.7377
0.0554, 0.7387
0.0554, 0.7397
0.0554, 0.7406
0.0554, 0.7416
0.0553, 0.7425
0.0553, 0.7435
0.0553, 0.7445
0.0553, 0.7454
0.0553, 0.7464
0.0553, 0.7473
0.0553, 0.7483
0.0553, 0.7492
0.0553, 0.7502
0.0553, 0.7511
0.0553, 0.7522
0.0553, 0.753
0.0553, 0.7541
0.0553, 0.755
0.0552, 0.756
0.0552, 0.757
0.0552, 0.7579
0.0552, 0.7589
0.0552, 0.7599
0.0552, 0.7608
0.0552, 0.7618
0.0552, 0.7627
0.0552, 0.7637
0.0552, 0.7647
0.0552, 0.7656
0.0552, 0.7666
0.0552, 0.7675
0.0551, 0.7685
0.0551, 0.7694
0.0551, 0.7704
0.0551, 0.7713
0.0551, 0.7724
0.0551, 0.7732
0.0551, 0.7743
0.0551, 0.7752
0.0551, 0.7762
0.0551, 0.7772
0.0551, 0.7781
0.0551, 0.7791
0.0551, 0.78
0.055, 0.781
0.055, 0.782
0.055, 0.7829
0.055, 0.7839
0.055, 0.7849
0.055, 0.7858
0.055, 0.7868
0.055, 0.7877
0.055, 0.7887
0.055, 0.7896
0.055, 0.7906
0.055, 0.7915
0.055, 0.7925
0.0549, 0.7934
0.0549, 0.7945
0.0549, 0.7953
0.0549, 0.7964
0.0549, 0.7974
0.0549, 0.7983
0.0549, 0.7993
0.0549, 0.8002
0.0549, 0.8012
0.0644, 0.8022
0.0644, 0.8031
0.0644, 0.8041
0.0644, 0.805
0.0644, 0.806
0.0644, 0.807
0.0644, 0.8079
0.0644, 0.8089
0.0644, 0.8098
0.0644, 0.8108
0.0643, 0.8117
0.0643, 0.8127
0.0643, 0.8136
0.0643, 0.8147
0.0643, 0.8155
0.0643, 0.8166
0.0643, 0.8175
0.0643, 0.8185
0.0643, 0.8195
0.0643, 0.8204
0.0643, 0.8214
0.0643, 0.8224
0.0643, 0.8233
0.0642, 0.8243
0.0642, 0.8252
0.0642, 0.8262
0.0642, 0.8272
0.0642, 0.8281
0.0642, 0.8291
0.0642, 0.83
0.0642, 0.831
0.0642, 0.8319
0.0642, 0.8329
0.0642, 0.8338
0.0642, 0.8349
0.0642, 0.8357
0.0641, 0.8368
0.0641, 0.8377
0.0641, 0.8387
0.0641, 0.8397
0.0641, 0.8406
0.0641, 0.8416
0.0641, 0.8425
0.0641, 0.8435
0.0641, 0.8445
0.0641, 0.8454
0.0641, 0.8464
0.0641, 0.8474
0.0641, 0.8483
0.064, 0.8493
0.064, 0.8502
0.064, 0.8512
0.064, 0.8521
0.064, 0.8531
0.064, 0.854
0.064, 0.855
0.064, 0.8559
0.064, 0.857
0.064, 0.8578
0.064, 0.8589
0.064, 0.8599
0.064, 0.8608
0.0639, 0.8618
0.0639, 0.8627
0.0639, 0.8637
0.0639, 0.8647
0.0639, 0.8656
0.0639, 0.8666
0.0639, 0.8675
0.0639, 0.8685
0.0639, 0.8695
0.0639, 0.8704
0.0639, 0.8714
0.0639, 0.8723
0.0639, 0.8733
0.0638, 0.8742
0.0638, 0.8752
0.0638, 0.8761
0.0638, 0.8772
0.0638, 0.878
0.0734, 0.8791
0.0733, 0.88
0.0733, 0.881
0.0733, 0.882
0.0733, 0.8829
0.0733, 0.8839
0.0733, 0.8849
0.0733, 0.8858
0.0733, 0.8868
0.0733, 0.8877
0.0733, 0.8887
0.0733, 0.8897
0.0733, 0.8906
0.0733, 0.8916
0.0732, 0.8925
0.0732, 0.8935
0.0732, 0.8944
0.0732, 0.8954
0.0732, 0.8963
0.0732, 0.8974
0.0732, 0.8982
0.0732, 0.8993
0.0732, 0.9002
0.0732, 0.9012
0.0732, 0.9022
0.0732, 0.9031
0.0732, 0.9041
0.0731, 0.905
0.0731, 0.906
0.0731, 0.907
0.0731, 0.9079
0.0731, 0.9089
0.0731, 0.9099
0.0731, 0.9108
0.0731, 0.9118
0.0731, 0.9127
0.0731, 0.9137
0.0731, 0.9146
0.0731, 0.9156
0.0731, 0.9165
0.0731, 0.9175
0.073, 0.9184
0.073, 0.9195
0.073, 0.9203
0.073, 0.9214
0.073, 0.9224
0.073, 0.9233
0.073, 0.9243
0.073, 0.9252
0.073, 0.9262
0.0825, 0.9272
0.0825, 0.9281
0.0825, 0.9291
0.0825, 0.93
0.0825, 0.931
0.0825, 0.932
0.0825, 0.9329
0.0825, 0.9339
0.0825, 0.9348
0.0825, 0.9358
0.0824, 0.9367
0.0824, 0.9377
0.0824, 0.9386
0.0824, 0.9397
0.0824, 0.9405
0.0824, 0.9416
0.0824, 0.9425
0.0824, 0.9435
0.0824, 0.9445
0.0824, 0.9454
0.0824, 0.9464
0.0824, 0.9474
0.0824, 0.9483
0.0823, 0.9493
0.0823, 0.9502
0.0823, 0.9512
0.0823, 0.9522
0.0823, 0.9531
0.0823, 0.9541
0.0823, 0.955
0.0823, 0.956
0.0823, 0.9569
0.0823, 0.9579
0.0823, 0.9588
0.0823, 0.9599
0.0823, 0.9607
0.0822, 0.9618
0.0822, 0.9627
0.0822, 0.9637
0.0822, 0.9647
0.0822, 0.9656
0.0822, 0.9666
0.0822, 0.9675
0.0822, 0.9685
0.0822, 0.9695
0.0822, 0.9704
0.0822, 0.9714
0.0822, 0.9724
0.0822, 0.9733
0.0821, 0.9743
0.0917, 0.9752
0.0917, 0.9762
0.0917, 0.9771
0.0917, 0.9781
0.0917, 0.979
0.0916, 0.98
0.0916, 0.9809
0.0916, 0.982
0.0916, 0.9828
0.0916, 0.9839
0.0916, 0.9849
0.0916, 0.9858
0.0916, 0.9868
0.0916, 0.9877
0.0916, 0.9887
0.0916, 0.9897
0.0916, 0.9906
0.0916, 0.9916
0.0915, 0.9925
0.0915, 0.9935
0.0915, 0.9945
0.0915, 0.9954
0.0915, 0.9964
0.0915, 0.9973
0.0915, 0.9983
0.101, 0.9992
0.101, 1.0002
0.101, 1.0012
0.101, 1.0022
0.101, 1.0031
0.101, 1.0041
0.101, 1.005
0.101, 1.006
0.101, 1.007
0.101, 1.0079
0.101, 1.0089
0.101, 1.0099
0.1009, 1.0108
0.1009, 1.0118
0.1009, 1.0127
0.1009, 1.0137
0.1009, 1.0147
0.1009, 1.0156
0.1009, 1.0166
0.1009, 1.0175
0.1009, 1.0185
0.1009, 1.0195
0.1104, 1.0204
0.1104, 1.0214
0.1104, 1.0224
0.1104, 1.0233
0.1104, 1.0243
0.1104, 1.0252
0.1104, 1.0262
0.1104, 1.0272
0.1104, 1.0281
0.1103, 1.0291
0.1103, 1.03
0.1103, 1.031
0.1103, 1.032
0.1103, 1.0329
0.1103, 1.0339
0.1103, 1.0349
0.1103, 1.0358
0.1103, 1.0368
0.1103, 1.0377
0.1103, 1.0387
0.1103, 1.0397
0.1198, 1.0406
0.1198, 1.0416
0.1198, 1.0425
0.1198, 1.0435
0.1198, 1.0445
0.1198, 1.0454
0.1198, 1.0464
0.1198, 1.0474
0.1197, 1.0483
0.1197, 1.0493
0.1197, 1.0502
0.1197, 1.0512
0.1197, 1.0522
0.1197, 1.0531
0.1292, 1.0541
0.1292, 1.055
0.1292, 1.056
0.1292, 1.057
0.1292, 1.0579
0.1292, 1.0589
0.1292, 1.0599
0.1292, 1.0608
0.1387, 1.0618
0.1387, 1.0627
0.1387, 1.0637
0.1387, 1.0647
0.1482, 1.0656
0.1482, 1.0666
0.1578, 1.0675
0.1578, 1.0685
0.1673, 1.0695
0.1673, 1.0704
0.1768, 1.0714
0.1864, 1.0724
0.1959, 1.0724
0.2055, 1.0714
0.1959, 1.0714
0.1864, 1.0714
0.1959, 1.0714
0.2055, 1.0704
0.215, 1.0704
0.2246, 1.0695
0.2341, 1.0685
0.2437, 1.0675
0.2532, 1.0666
0.2628, 1.0656
0.2724, 1.0647
0.2819, 1.0637
0.2819, 1.0627
0.2915, 1.0618
0.2915, 1.0608
0.2915, 1.0599
0.2915, 1.0589
0.3011, 1.0579
0.3011, 1.057
0.3011, 1.056
0.3106, 1.055
0.3106, 1.0541
0.3202, 1.0531
0.3202, 1.0522
0.3296, 1.0512
0.3298, 1.0502
0.3298, 1.0493
0.3298, 1.0483
0.3393, 1.0474
0.3393, 1.0464
0.3393, 1.0454
0.3489, 1.0445
0.3489, 1.0435
0.3489, 1.0425
0.3489, 1.0416
0.3585, 1.0406
0.3585, 1.0397
0.3585, 1.0387
0.3585, 1.0377
0.3679, 1.0368
0.3681, 1.0358
0.3681, 1.0349
0.3776, 1.0339
0.3776, 1.0329
0.3776, 1.032
0.3872, 1.031
0.3872, 1.03
0.3872, 1.0291
0.3968, 1.0281
0.4062, 1.0272
0.4062, 1.0262
0.4062, 1.0252
0.4062, 1.0243
0.4159, 1.0233
0.4159, 1.0224
0.4254, 1.0214
0.4255, 1.0204
0.435, 1.0195
0.435, 1.0185
0.4445, 1.0175
0.4541, 1.0166
0.4541, 1.0156
0.4637, 1.0147
0.4732, 1.0137
0.4828, 1.0127
0.4923, 1.0118
0.5019, 1.0108
0.5114, 1.0099
0.521, 1.0089
0.5306, 1.0079
0.5401, 1.007
0.5497, 1.006
0.5592, 1.005
0.5688, 1.0041
0.5783, 1.0031
0.5783, 1.0022
0.5878, 1.0022
0.5974, 1.0022
0.5974, 1.0012
0.607, 1.0012
0.6165, 1.0012
0.6261, 1.0012
0.6356, 1.0012
0.6452, 1.0022
0.6547, 1.0022
0.6643, 1.0031
0.6738, 1.0031
0.6833, 1.0041
0.6928, 1.005
0.7024, 1.006
0.712, 1.007
0.7215, 1.007
0.7309, 1.0079
0.7406, 1.0089
0.7501, 1.0099
0.7597, 1.0108
0.7692, 1.0118
0.7787, 1.0127
0.7787, 1.0137
0.7883, 1.0147
0.7978, 1.0156
0.8073, 1.0166
0.8073, 1.0175
0.8169, 1.0175
0.8169, 1.0185
0.8264, 1.0185
0.8359, 1.0185
0.8359, 1.0195
0.8455, 1.0204
0.855, 1.0204
0.855, 1.0214
0.8646, 1.0224
0.874, 1.0233
0.8837, 1.0243
0.8932, 1.0252
0.9026, 1.0262
0.9123, 1.0272
0.9123, 1.0281
0.9218, 1.0291
0.9313, 1.03
0.9409, 1.03
0.9409, 1.031
0.9504, 1.031
0.96, 1.032
0.9695, 1.032
0.9695, 1.0329
0.979, 1.0329
0.9886, 1.0339
0.9981, 1.0339
1.0077, 1.0349
1.0172, 1.0358
1.0268, 1.0358
1.0363, 1.0358
1.0458, 1.0368
1.0554, 1.0368
1.0649, 1.0368
1.0745, 1.0368
1.084, 1.0368
1.0936, 1.0368
1.1031, 1.0368
1.1127, 1.0368
1.1222, 1.0368
1.1318, 1.0368
1.1413, 1.0368
1.1509, 1.0358
1.1604, 1.0358
1.17, 1.0358
1.1795, 1.0349
1.1891, 1.0339
1.1985, 1.0329
1.2082, 1.032
1.2177, 1.031
1.2273, 1.03
1.2368, 1.0291
1.2464, 1.0291
1.2559, 1.0281
1.2655, 1.0272
1.275, 1.0272
1.2846, 1.0272
1.2941, 1.0262
1.3037, 1.0262
1.3132, 1.0252
1.3228, 1.0243
1.3324, 1.0233
1.3418, 1.0233
1.3418, 1.0224
1.3515, 1.0214
1.3515, 1.0204
1.361, 1.0195
1.3706, 1.0185
1.3706, 1.0175
1.3801, 1.0166
1.3801, 1.0156
1.3801, 1.0147
1.3801, 1.0137
1.3801, 1.0127
1.3897, 1.0118
1.3897, 1.0108
1.3993, 1.0099
1.3993, 1.0089
1.3993, 1.0079
1.4089, 1.007
1.4089, 1.006
1.4089, 1.005
1.4089, 1.0041
1.4184, 1.0031
1.4184, 1.0022
1.4184, 1.0012
1.4184, 1.0002
1.428, 0.9992
1.428, 0.9983
1.428, 0.9973
1.428, 0.9964
1.4376, 0.9954
1.4376, 0.9945
1.4376, 0.9935
1.4472, 0.9925
1.4472, 0.9916
1.4472, 0.9906
1.4472, 0.9897
1.4472, 0.9887
1.4567, 0.9877
1.4567, 0.9868
1.4567, 0.9858
1.4567, 0.9849
1.4567, 0.9839
1.4663, 0.9828
1.4663, 0.982
1.4663, 0.9809
1.4663, 0.98
1.4664, 0.979
1.4664, 0.9781
1.4759, 0.9771
1.4759, 0.9762
1.4759, 0.9752
1.4759, 0.9743
1.4759, 0.9733
1.476, 0.9724
1.476, 0.9714
1.4855, 0.9704
1.4855, 0.9695
1.4855, 0.9685
1.4855, 0.9675
1.495, 0.9666
1.495, 0.9656
1.495, 0.9647
1.495, 0.9637
1.495, 0.9627
1.495, 0.9618
1.495, 0.9607
1.5047, 0.9599
1.5047, 0.9588
1.5047, 0.9579
1.5047, 0.9569
1.5047, 0.956
1.5047, 0.955
1.5047, 0.9541
1.5047, 0.9531
1.5143, 0.9522
1.5143, 0.9512
1.5143, 0.9502
1.5143, 0.9493
1.5143, 0.9483
1.5143, 0.9474
1.5239, 0.9464
1.5239, 0.9454
1.5239, 0.9445
1.5239, 0.9435
1.5239, 0.9425
1.5239, 0.9416
1.5239, 0.9405
1.5335, 0.9397
1.5335, 0.9386
1.5335, 0.9377
1.5335, 0.9367
1.5335, 0.9358
1.5431, 0.9348
1.5431, 0.9339
1.5431, 0.9329
1.5431, 0.932
1.5527, 0.931
1.5622, 0.931
1.5718, 0.931
1.5813, 0.932
1.5716, 0.932
1.5813, 0.9329
1.5813, 0.9339
1.5908, 0.9348
1.5908, 0.9358
1.5813, 0.9348
1.5813, 0.9358
1.5908, 0.9367
1.5908, 0.9377
1.5908, 0.9386
1.6002, 0.9397
1.6002, 0.9405
1.6002, 0.9416
1.6002, 0.9425
1.6002, 0.9435
1.6002, 0.9445
1.6002, 0.9454
1.6002, 0.9464
1.6002, 0.9474
1.6098, 0.9483
1.6098, 0.9493
1.6098, 0.9502
1.6098, 0.9512
1.6098, 0.9522
1.6098, 0.9531
1.6098, 0.9541
1.6193, 0.955
1.6193, 0.956
1.6193, 0.9569
1.6193, 0.9579
1.6193, 0.9588
1.6193, 0.9599
1.6192, 0.9607
1.6192, 0.9618
1.6288, 0.9627
1.6288, 0.9637
1.6288, 0.9647
1.6288, 0.9656
1.6287, 0.9666
1.6287, 0.9675
1.6383, 0.9685
1.6383, 0.9695
1.6383, 0.9704
1.6383, 0.9714
1.6381, 0.9724
1.6478, 0.9733
1.6478, 0.9743
1.6478, 0.9752
1.6478, 0.9762
1.6478, 0.9771
1.6477, 0.9781
1.6477, 0.979
1.6477, 0.98
1.6573, 0.9809
1.6573, 0.982
1.6573, 0.9828
1.6572, 0.9839
1.6572, 0.9849
1.6667, 0.9858
1.6667, 0.9868
1.6667, 0.9877
1.6667, 0.9887
1.6667, 0.9897
1.6667, 0.9906
1.6763, 0.9916
1.6763, 0.9925
1.6763, 0.9935
1.6763, 0.9945
1.6858, 0.9954
1.6858, 0.9964
1.6858, 0.9973
1.6858, 0.9983
1.6858, 0.9992
1.6953, 1.0002
1.6953, 1.0012
1.6953, 1.0022
1.6953, 1.0031
1.7048, 1.0041
1.7048, 1.005
1.7048, 1.006
1.7048, 1.007
1.7143, 1.0079
1.7143, 1.0089
1.7239, 1.0099
1.7239, 1.0108
1.7239, 1.0118
1.7238, 1.0127
1.7334, 1.0137
1.7334, 1.0147
1.7429, 1.0156
1.7429, 1.0166
1.7524, 1.0175
1.7524, 1.0185
1.762, 1.0195
1.762, 1.0204
1.7715, 1.0214
1.781, 1.0224
1.7906, 1.0233
1.7906, 1.0243
1.7906, 1.0252
1.8001, 1.0262
1.8001, 1.0272
1.8001, 1.0281
1.8096, 1.0291
1.8192, 1.03
1.8287, 1.03
1.8383, 1.031
1.8477, 1.031
1.8573, 1.032
1.8669, 1.032
1.8763, 1.0329
1.886, 1.0339
1.8955, 1.0339
1.9051, 1.0349
1.9146, 1.0349
1.9241, 1.0349
1.9337, 1.0349
1.9432, 1.0339
1.9527, 1.0339
1.9623, 1.0329
1.9719, 1.032
1.9719, 1.031
1.9815, 1.03
1.991, 1.0291
2.0006, 1.0291
2.0101, 1.0281
2.0197, 1.0281
2.0292, 1.0281
2.0388, 1.0281
2.0483, 1.0281
2.0579, 1.0281
2.0674, 1.0291
2.0769, 1.03
2.0865, 1.03
2.096, 1.031
2.1056, 1.031
2.1151, 1.031
2.1247, 1.031
2.1342, 1.031
2.1438, 1.03
2.1533, 1.0291
2.1629, 1.0281
2.1724, 1.0272
2.1724, 1.0262
2.182, 1.0252
2.1915, 1.0243
2.1915, 1.0233
2.2011, 1.0224
2.2106, 1.0224
2.2202, 1.0214
2.2297, 1.0214
2.2393, 1.0204
2.2488, 1.0204
2.2584, 1.0204
2.2679, 1.0195
2.2775, 1.0195
2.287, 1.0195
2.2966, 1.0195
2.3061, 1.0195
2.3157, 1.0185
2.3252, 1.0185
2.3348, 1.0175
2.3443, 1.0166
2.3538, 1.0166
2.3538, 1.0156
2.3634, 1.0147
2.373, 1.0137
2.3826, 1.0127
2.3921, 1.0118
2.4017, 1.0108
2.4112, 1.0099
2.4208, 1.0099
2.4303, 1.0089
2.4399, 1.0079
2.4494, 1.0079
2.459, 1.007
2.4685, 1.006
2.4781, 1.005
2.4876, 1.0041
2.4971, 1.0041
2.5067, 1.0041
2.5163, 1.0041
2.5258, 1.0041
2.5354, 1.0041
2.5449, 1.0041
2.5545, 1.0041
2.564, 1.0041
2.5735, 1.0041
2.5831, 1.0041
2.5927, 1.0031
2.6021, 1.0031
2.6117, 1.0031
2.6213, 1.0031
2.6308, 1.0031
2.6404, 1.0031
2.6499, 1.0031
2.6595, 1.0031
2.669, 1.0041
2.6785, 1.005
2.6881, 1.006
2.6976, 1.007
2.7072, 1.0079
2.7072, 1.0089
2.7167, 1.0099
2.7167, 1.0108
2.7262, 1.0118
2.7262, 1.0127
2.7358, 1.0137
2.7358, 1.0147
2.7358, 1.0156
2.7357, 1.0166
2.7452, 1.0175
2.7452, 1.0185
2.7452, 1.0195
2.7548, 1.0204
2.7548, 1.0214
2.7548, 1.0224
2.7643, 1.0233
2.7643, 1.0243
2.7643, 1.0252
2.7643, 1.0262
2.7738, 1.0272
2.7738, 1.0281
2.7738, 1.0291
2.7833, 1.03
2.7833, 1.031
2.7833, 1.032
2.7929, 1.0329
2.7929, 1.0339
2.7929, 1.0349
2.8024, 1.0358
2.8024, 1.0368
2.8024, 1.0377
2.8024, 1.0387
2.8119, 1.0397
2.8119, 1.0406
2.8119, 1.0416
2.8215, 1.0425
2.8215, 1.0435
2.831, 1.0445
2.831, 1.0454
2.831, 1.0464
2.831, 1.0474
2.8405, 1.0483
2.8405, 1.0493
2.8405, 1.0502
2.8405, 1.0512
2.8405, 1.0522
2.85, 1.0531
2.85, 1.0541
2.85, 1.055
2.85, 1.056
2.85, 1.057
2.8595, 1.0579
2.8595, 1.0589
2.8595, 1.0599
2.8595, 1.0608
2.8595, 1.0618
2.8595, 1.0627
2.8595, 1.0637
2.8595, 1.0647
2.8595, 1.0656
2.8595, 1.0666
2.8594, 1.0675
2.8594, 1.0685
2.8594, 1.0695
2.8594, 1.0704
2.869, 1.0714
2.869, 1.0724
2.8689, 1.0733
2.8689, 1.0743
2.8689, 1.0752
2.8689, 1.0762
2.8689, 1.0772
2.8689, 1.0781
2.8689, 1.0791
2.8689, 1.08
2.8689, 1.081
2.8689, 1.082
2.8689, 1.0829
2.8784, 1.0839
2.8784, 1.0849
2.8784, 1.0858
2.8784, 1.0868
2.8784, 1.0877
2.8784, 1.0887
2.8784, 1.0897
2.8784, 1.0906
2.8782, 1.0916
2.8782, 1.0925
2.8782, 1.0935
2.8782, 1.0945
2.8879, 1.0954
2.8879, 1.0964
2.8878, 1.0974
2.8878, 1.0983
2.8878, 1.0993
2.8878, 1.1002
2.8878, 1.1012
2.8878, 1.1022
2.8878, 1.1031
2.8878, 1.1041
2.8878, 1.105
2.8878, 1.106
2.8878, 1.107
2.8878, 1.1078
2.8973, 1.1089
2.8973, 1.1099
2.9068, 1.1108
2.9068, 1.1118
2.9163, 1.1118
2.9259, 1.1118
2.9259, 1.1108
2.9163, 1.1108
2.9259, 1.1099
2.9355, 1.1099
2.9355, 1.1089
2.9355, 1.1078
2.9355, 1.107
2.9451, 1.106
2.9451, 1.105
2.9451, 1.1041
2.9451, 1.1031
2.9451, 1.1022
2.9451, 1.1012
2.9451, 1.1002
2.9451, 1.0993
2.9451, 1.0983
2.9451, 1.0974
2.9451, 1.0964
2.9451, 1.0954
2.9452, 1.0945
2.9452, 1.0935
2.9452, 1.0925
2.9452, 1.0916
2.9452, 1.0906
2.9452, 1.0897
2.9452, 1.0887
2.9548, 1.0877
2.9548, 1.0868
2.9548, 1.0858
2.9548, 1.0849
2.9548, 1.0839
2.9548, 1.0829
2.9548, 1.082
2.9548, 1.081
2.9548, 1.08
2.9548, 1.0791
2.9548, 1.0781
2.9548, 1.0772
2.9548, 1.0762
2.9548, 1.0752
2.9548, 1.0743
2.9548, 1.0733
2.9548, 1.0724
2.9644, 1.0714
2.9644, 1.0704
2.9644, 1.0695
2.9645, 1.0685
2.9645, 1.0675
2.9645, 1.0666
2.9645, 1.0656
2.9645, 1.0647
2.9645, 1.0637
2.9645, 1.0627
2.9645, 1.0618
2.9645, 1.0608
2.9645, 1.0599
2.9645, 1.0589
2.9645, 1.0579
2.9741, 1.057
2.9741, 1.056
2.9741, 1.055
2.9741, 1.0541
2.9741, 1.0531
2.9741, 1.0522
2.9741, 1.0512
2.9741, 1.0502
2.9742, 1.0493
2.9742, 1.0483
2.9742, 1.0474
2.9742, 1.0464
2.9837, 1.0454
2.9837, 1.0445
2.9837, 1.0435
2.9838, 1.0425
2.9838, 1.0416
2.9838, 1.0406
2.9838, 1.0397
2.9838, 1.0387
2.9838, 1.0377
2.9838, 1.0368
2.9838, 1.0358
2.9838, 1.0349
2.9838, 1.0339
2.9838, 1.0329
2.9838, 1.032
2.9933, 1.031
2.9933, 1.03
2.9933, 1.0291
2.9933, 1.0281
2.9933, 1.0272
2.9933, 1.0262
2.9933, 1.0252
2.9933, 1.0243
2.9935, 1.0233
2.9935, 1.0224
2.9935, 1.0214
2.9935, 1.0204
3.003, 1.0195
3.003, 1.0185
3.003, 1.0175
3.0031, 1.0166
3.0031, 1.0156
3.0031, 1.0147
3.0031, 1.0137
3.0031, 1.0127
3.0031, 1.0118
3.0031, 1.0108
3.0031, 1.0099
3.0031, 1.0089
3.0031, 1.0079
3.0031, 1.007
3.0031, 1.006
3.0031, 1.005
3.0031, 1.0041
3.0032, 1.0031
3.0127, 1.0022
3.0127, 1.0012
3.0127, 1.0002
3.0127, 0.9992
3.0127, 0.9983
3.0127, 0.9973
3.0128, 0.9964
3.0128, 0.9954
3.0128, 0.9945
3.0128, 0.9935
3.0128, 0.9925
3.0128, 0.9916
3.0128, 0.9906
3.0128, 0.9897
3.0128, 0.9887
3.0128, 0.9877
3.0224, 0.9868
3.0224, 0.9858
3.0224, 0.9849
3.0224, 0.9839
3.0224, 0.9828
3.0224, 0.982
3.0224, 0.9809
3.0224, 0.98
3.0224, 0.979
3.0224, 0.9781
3.0225, 0.9771
3.0225, 0.9762
3.0225, 0.9752
3.0225, 0.9743
3.0225, 0.9733
3.0225, 0.9724
3.0225, 0.9714
3.0225, 0.9704
3.0321, 0.9695
3.0321, 0.9685
3.0321, 0.9675
3.0321, 0.9666
3.0321, 0.9656
3.0321, 0.9647
3.0321, 0.9637
3.0321, 0.9627
3.0321, 0.9618
3.0321, 0.9607
3.0321, 0.9599
3.0321, 0.9588
3.0322, 0.9579
3.0322, 0.9569
3.0322, 0.956
3.0322, 0.955
3.0322, 0.9541
3.0322, 0.9531
3.0322, 0.9522
3.0322, 0.9512
3.0322, 0.9502
3.0322, 0.9493
3.0322, 0.9483
3.0322, 0.9474
3.0322, 0.9464
3.0323, 0.9454
3.0323, 0.9445
3.0323, 0.9435
3.0323, 0.9425
3.0323, 0.9416
3.0323, 0.9405
3.0323, 0.9397
3.0323, 0.9386
3.0323, 0.9377
3.0323, 0.9367
3.0323, 0.9358
3.0323, 0.9348
3.0323, 0.9339
3.0419, 0.9329
3.0419, 0.932
3.0419, 0.931
3.0419, 0.93
3.0419, 0.9291
3.0419, 0.9281
3.0419, 0.9272
3.042, 0.9262
3.042, 0.9252
3.042, 0.9243
3.042, 0.9233
3.042, 0.9224
3.042, 0.9214
3.042, 0.9203
3.042, 0.9195
3.042, 0.9184
3.042, 0.9175
3.042, 0.9165
3.042, 0.9156
3.042, 0.9146
3.0421, 0.9137
3.0421, 0.9127
3.0421, 0.9118
3.0421, 0.9108
3.0516, 0.9099
3.0516, 0.9089
3.0516, 0.9079
3.0517, 0.907
3.0517, 0.906
3.0517, 0.905
3.0517, 0.9041
3.0517, 0.9031
3.0517, 0.9022
3.0517, 0.9012
3.0517, 0.9002
3.0517, 0.8993
3.0517, 0.8982
3.0517, 0.8974
3.0517, 0.8963
3.0517, 0.8954
3.0518, 0.8944
3.0518, 0.8935
3.0518, 0.8925
3.0518, 0.8916
3.0518, 0.8906
3.0518, 0.8897
3.0518, 0.8887
3.0518, 0.8877
3.0518, 0.8868
3.0518, 0.8858
3.0518, 0.8849
3.0518, 0.8839
3.0518, 0.8829
3.0519, 0.882
3.0519, 0.881
3.0519, 0.88
3.0519, 0.8791
3.0519, 0.878
3.0519, 0.8772
3.0519, 0.8761
3.0519, 0.8752
3.0519, 0.8742
3.0615, 0.8733
3.0615, 0.8723
3.0615, 0.8714
3.0615, 0.8704
3.0615, 0.8695
3.0615, 0.8685
3.0615, 0.8675
3.0615, 0.8666
3.0615, 0.8656
3.0615, 0.8647
3.0615, 0.8637
3.0616, 0.8627
3.0616, 0.8618
3.0616, 0.8608
3.0616, 0.8599
3.0616, 0.8589
3.0616, 0.8578
3.0616, 0.857
3.0616, 0.8559
3.0616, 0.855
3.0616, 0.854
3.0616, 0.8531
3.0616, 0.8521
3.0616, 0.8512
3.0617, 0.8502
3.0617, 0.8493
3.0617, 0.8483
3.0617, 0.8474
3.0617, 0.8464
3.0617, 0.8454
3.0617, 0.8445
3.0617, 0.8435
3.0617, 0.8425
3.0617, 0.8416
3.0617, 0.8406
3.0617, 0.8397
3.0617, 0.8387
3.0618, 0.8377
3.0618, 0.8368
3.0618, 0.8357
3.0618, 0.8349
3.0618, 0.8338
3.0618, 0.8329
3.0618, 0.8319
3.0618, 0.831
3.0618, 0.83
3.0618, 0.8291
3.0618, 0.8281
3.0714, 0.8272
3.0714, 0.8262
3.0714, 0.8252
3.0714, 0.8243
3.0714, 0.8233
3.0714, 0.8224
3.0714, 0.8214
3.0714, 0.8204
3.0714, 0.8195
3.0715, 0.8185
3.0715, 0.8175
3.0715, 0.8166
3.0715, 0.8155
3.0715, 0.8147
3.0715, 0.8136
3.0715, 0.8127
3.0715, 0.8117
3.0715, 0.8108
3.0715, 0.8098
3.0715, 0.8089
3.0715, 0.8079
3.0715, 0.807
3.0716, 0.806
3.0716, 0.805
3.0716, 0.8041
3.0716, 0.8031
3.0716, 0.8022
3.0716, 0.8012
3.0716, 0.8002
3.0716, 0.7993
3.0716, 0.7983
3.0716, 0.7974
3.0716, 0.7964
3.0716, 0.7953
3.0716, 0.7945
3.0717, 0.7934
3.0717, 0.7925
3.0717, 0.7915
3.0717, 0.7906
3.0717, 0.7896
3.0717, 0.7887
3.0717, 0.7877
3.0717, 0.7868
3.0717, 0.7858
3.0717, 0.7849
3.0717, 0.7839
3.0717, 0.7829
3.0717, 0.782
3.0718, 0.781
3.0718, 0.78
3.0718, 0.7791
3.0718, 0.7781
3.0718, 0.7772
3.0718, 0.7762
3.0718, 0.7752
3.0718, 0.7743
3.0718, 0.7732
3.0718, 0.7724
3.0718, 0.7713
3.0718, 0.7704
3.0814, 0.7694
3.0814, 0.7685
3.0814, 0.7675
3.0814, 0.7666
3.0814, 0.7656
3.0814, 0.7647
3.0814, 0.7637
3.0814, 0.7627
3.0814, 0.7618
3.0815, 0.7608
3.0815, 0.7599
3.0815, 0.7589
3.0815, 0.7579
3.0815, 0.757
3.0815, 0.756
3.0815, 0.755
3.0815, 0.7541
3.0815, 0.753
3.0815, 0.7522
3.0815, 0.7511
3.0815, 0.7502
3.0815, 0.7492
3.0816, 0.7483
3.0816, 0.7473
3.0816, 0.7464
3.0816, 0.7454
3.0816, 0.7445
3.0816, 0.7435
3.0816, 0.7425
3.0816, 0.7416
3.0816, 0.7406
3.0816, 0.7397
3.0816, 0.7387
3.0816, 0.7377
3.0816, 0.7368
3.0817, 0.7358
3.0817, 0.7349
3.0817, 0.7339
3.0817, 0.7328
3.0817, 0.732
3.0817, 0.7309
3.0817, 0.73
3.0817, 0.729
3.0817, 0.7281
3.0817, 0.7271
3.0817, 0.7262
3.0817, 0.7252
3.0817, 0.7243
3.0818, 0.7233
3.0818, 0.7224
3.0818, 0.7214
3.0818, 0.7204
3.0913, 0.7195
3.0913, 0.7185
3.0913, 0.7175
3.0914, 0.7166
3.0914, 0.7156
3.0914, 0.7147
3.0914, 0.7137
3.0914, 0.7127
3.0914, 0.7118
3.0914, 0.7107
3.0914, 0.7099
3.0914, 0.7088
3.0914, 0.7079
3.0914, 0.7069
3.0914, 0.706
3.0914, 0.705
3.0915, 0.7041
3.0915, 0.7031
3.0915, 0.7022
3.0915, 0.7012
3.0915, 0.7002
3.0915, 0.6993
3.0915, 0.6983
3.0915, 0.6974
3.0915, 0.6964
3.0915, 0.6954
3.0915, 0.6945
3.0915, 0.6935
3.0915, 0.6925
3.0916, 0.6916
3.0916, 0.6905
3.0916, 0.6897
3.0916, 0.6886
3.0916, 0.6877
3.0916, 0.6867
3.0916, 0.6858
3.0916, 0.6848
3.0916, 0.6839
3.0916, 0.6829
3.0916, 0.682
3.0916, 0.681
3.0916, 0.68
3.0917, 0.6791
3.0917, 0.6781
3.0917, 0.6772
3.0917, 0.6762
3.0917, 0.6752
3.0917, 0.6743
3.0917, 0.6733
3.0917, 0.6724
3.0917, 0.6714
3.0917, 0.6703
3.0917, 0.6695
3.0917, 0.6684
3.0917, 0.6675
3.0918, 0.6665
3.0918, 0.6656
3.1013, 0.6646
3.1013, 0.6637
3.1013, 0.6627
3.1013, 0.6618
3.1013, 0.6608
3.1014, 0.6599
3.1014, 0.6589
3.1014, 0.6579
3.1014, 0.657
3.1014, 0.656
3.1014, 0.655
3.1014, 0.6541
3.1014, 0.6531
3.1014, 0.6522
3.1014, 0.6512
3.1014, 0.6502
3.1014, 0.6493
3.1014, 0.6482
3.1015, 0.6474
3.1015, 0.6463
3.1015, 0.6454
3.1015, 0.6444
3.1015, 0.6435
3.1015, 0.6425
3.1015, 0.6416
3.1015, 0.6406
3.1015, 0.6397
3.1015, 0.6387
3.1015, 0.6377
3.1015, 0.6368
3.1015, 0.6358
3.1016, 0.6349
3.1016, 0.6339
3.1016, 0.6329
3.1016, 0.632
3.1016, 0.631
3.1016, 0.63
3.1016, 0.6291
3.1016, 0.628
3.1016, 0.6272
3.1016, 0.6261
3.1016, 0.6252
3.1016, 0.6242
3.1016, 0.6233
3.1017, 0.6223
3.1017, 0.6214
3.1017, 0.6204
3.1017, 0.6195
3.1017, 0.6185
3.1017, 0.6175
3.1017, 0.6166
3.1017, 0.6156
3.1017, 0.6147
3.1017, 0.6137
3.1017, 0.6127
3.1017, 0.6118
3.1017, 0.6108
3.1113, 0.6099
3.1113, 0.6089
3.1113, 0.6078
3.1113, 0.607
3.1113, 0.6059
3.1113, 0.605
3.1113, 0.604
3.1114, 0.6031
3.1114, 0.6021
3.1114, 0.6012
3.1114, 0.6002
3.1114, 0.5993
3.1114, 0.5983
3.1114, 0.5974
3.1114, 0.5964
3.1114, 0.5954
3.1114, 0.5945
3.1114, 0.5935
3.1114, 0.5925
3.1114, 0.5916
3.1115, 0.5906
3.1115, 0.5897
3.1115, 0.5887
3.1115, 0.5877
3.1115, 0.5868
3.1115, 0.5857
3.1115, 0.5849
3.1115, 0.5838
3.1115, 0.5829
3.1115, 0.5819
3.1115, 0.581
3.1115, 0.58
3.1115, 0.5791
3.1116, 0.5781
3.1116, 0.5772
3.1116, 0.5762
3.1116, 0.5752
3.1116, 0.5743
3.1116, 0.5733
3.1116, 0.5724
3.1116, 0.5714
3.1116, 0.5704
3.1116, 0.5695
3.1116, 0.5685
3.1116, 0.5675
3.1116, 0.5666
3.1116, 0.5655
3.1117, 0.5647
3.1117, 0.5636
3.1117, 0.5627
3.1117, 0.5617
3.1117, 0.5608
3.1117, 0.5598
3.1117, 0.5589
3.1117, 0.5579
3.1117, 0.557
3.1117, 0.556
3.1117, 0.555
3.1117, 0.5541
3.1117, 0.5531
3.1118, 0.5522
3.1118, 0.5512
3.1118, 0.5502
3.1118, 0.5493
3.1118, 0.5483
3.1118, 0.5474
3.1118, 0.5464
3.1118, 0.5453
3.1118, 0.5445
3.1118, 0.5434
3.1118, 0.5425
3.1118, 0.5415
3.1118, 0.5406
3.1118, 0.5396
3.1118, 0.5387
3.1118, 0.5377
3.1118, 0.5368
3.1118, 0.5358
3.1214, 0.5349
3.1214, 0.5339
3.1215, 0.5329
3.1215, 0.532
3.1215, 0.531
3.1215, 0.53
3.1215, 0.5291
3.1215, 0.5281
3.1215, 0.5272
3.1215, 0.5262
3.1215, 0.5252
3.1215, 0.5243
3.1215, 0.5232
3.1215, 0.5224
3.1215, 0.5213
3.1216, 0.5204
3.1216, 0.5194
3.1216, 0.5185
3.1216, 0.5175
3.1216, 0.5166
3.1216, 0.5156
3.1216, 0.5147
3.1216, 0.5137
3.1216, 0.5127
3.1216, 0.5118
3.1216, 0.5108
3.1216, 0.5099
3.1216, 0.5089
3.1217, 0.5079
3.1217, 0.507
3.1217, 0.506
3.1217, 0.505
3.1217, 0.5041
3.1217, 0.503
3.1217, 0.5022
3.1217, 0.5011
3.1313, 0.5011
3.1408, 0.5002
3.1503, 0.5011
3.1408, 0.5011
3.1503, 0.5022
3.1503, 0.503
3.1408, 0.503
3.1312, 0.5022
3.1312, 0.503
3.1312, 0.5041
3.1408, 0.5041
3.1503, 0.5041
3.1503, 0.505
3.1503, 0.506
3.1503, 0.507
3.1503, 0.5079
3.1503, 0.5089
3.1503, 0.5099
3.1503, 0.5108
3.1503, 0.5118
3.1503, 0.5127
3.1502, 0.5137
3.1502, 0.5147
3.1502, 0.5156
3.1502, 0.5166
3.1502, 0.5175
3.1502, 0.5185
3.1502, 0.5194
3.1502, 0.5204
3.1502, 0.5213
3.1502, 0.5224
3.1502, 0.5232
3.1502, 0.5243
3.1502, 0.5252
3.1501, 0.5262
3.1501, 0.5272
3.1501, 0.5281
3.1501, 0.5291
3.1501, 0.53
3.1501, 0.531
3.1501, 0.532
3.1501, 0.5329
3.1501, 0.5339
3.1501, 0.5349
3.1501, 0.5358
3.1501, 0.5368
3.1501, 0.5377
3.1501, 0.5387
3.15, 0.5396
3.15, 0.5406
3.15, 0.5415
3.15, 0.5425
3.15, 0.5434
3.15, 0.5445
3.15, 0.5453
3.15, 0.5464
3.15, 0.5474
3.15, 0.5483
3.1595, 0.5493
3.1595, 0.5502
3.1595, 0.5512
3.1595, 0.5522
3.1595, 0.5531
3.1595, 0.5541
3.1595, 0.555
3.1595, 0.556
3.1595, 0.557
3.1594, 0.5579
3.1594, 0.5589
3.1594, 0.5598
3.1594, 0.5608
3.1594, 0.5617
3.1594, 0.5627
3.1594, 0.5636
3.1594, 0.5647
3.1594, 0.5655
3.1594, 0.5666
3.1594, 0.5675
3.1594, 0.5685
3.1594, 0.5695
3.1593, 0.5704
3.1593, 0.5714
3.1593, 0.5724
3.1593, 0.5733
3.1593, 0.5743
3.1593, 0.5752
3.1593, 0.5762
3.1593, 0.5772
3.1593, 0.5781
3.1593, 0.5791
3.1593, 0.58
3.1593, 0.581
3.1593, 0.5819
3.1592, 0.5829
3.1592, 0.5838
3.1592, 0.5849
3.1592, 0.5857
3.1592, 0.5868
3.1592, 0.5877
3.1592, 0.5887
3.1592, 0.5897
3.1592, 0.5906
3.1592, 0.5916
3.1592, 0.5925
3.1592, 0.5935
3.1592, 0.5945
3.1591, 0.5954
3.1591, 0.5964
3.1591, 0.5974
3.1591, 0.5983
3.1591, 0.5993
3.1591, 0.6002
3.1591, 0.6012
3.1591, 0.6021
3.1591, 0.6031
3.1591, 0.604
3.1591, 0.605
3.1591, 0.6059
3.1591, 0.607
3.159, 0.6078
3.159, 0.6089
3.159, 0.6099
3.159, 0.6108
3.159, 0.6118
3.159, 0.6127
3.159, 0.6137
3.159, 0.6147
3.159, 0.6156
3.159, 0.6166
3.159, 0.6175
3.159, 0.6185
3.159, 0.6195
3.1589, 0.6204
3.1589, 0.6214
3.1589, 0.6223
3.1589, 0.6233
3.1589, 0.6242
3.1589, 0.6252
3.1684, 0.6261
3.1684, 0.6272
3.1684, 0.628
3.1684, 0.6291
3.1684, 0.63
3.1684, 0.631
3.1684, 0.632
3.1684, 0.6329
3.1684, 0.6339
3.1684, 0.6349
3.1684, 0.6358
3.1684, 0.6368
3.1684, 0.6377
3.1683, 0.6387
3.1683, 0.6397
3.1683, 0.6406
3.1683, 0.6416
3.1683, 0.6425
3.1683, 0.6435
3.1683, 0.6444
3.1683, 0.6454
3.1683, 0.6463
3.1683, 0.6474
3.1683, 0.6482
3.1683, 0.6493
3.1683, 0.6502
3.1682, 0.6512
3.1682, 0.6522
3.1682, 0.6531
3.1682, 0.6541
3.1682, 0.655
3.1682, 0.656
3.1682, 0.657
3.1682, 0.6579
3.1682, 0.6589
3.1682, 0.6599
3.1682, 0.6608
3.1682, 0.6618
3.1682, 0.6627
3.1681, 0.6637
3.1681, 0.6646
3.1681, 0.6656
3.1681, 0.6665
3.1681, 0.6675
3.1681, 0.6684
3.1681, 0.6695
3.1776, 0.6703
3.1776, 0.6714
3.1776, 0.6724
3.1776, 0.6733
3.1776, 0.6743
3.1776, 0.6752
3.1776, 0.6762
3.1776, 0.6772
3.1776, 0.6781
3.1776, 0.6791
3.1776, 0.68
3.1776, 0.681
3.1775, 0.682
3.1775, 0.6829
3.1775, 0.6839
3.1775, 0.6848
3.1775, 0.6858
3.1775, 0.6867
3.1775, 0.6877
3.1775, 0.6886
3.1775, 0.6897
3.1775, 0.6905
3.1775, 0.6916
3.1775, 0.6925
3.1775, 0.6935
3.1775, 0.6945
3.1774, 0.6954
3.1774, 0.6964
3.1774, 0.6974
3.1774, 0.6983
3.1774, 0.6993
3.1774, 0.7002
3.1774, 0.7012
3.1774, 0.7022
3.1774, 0.7031
3.1774, 0.7041
3.1774, 0.705
3.1774, 0.706
3.1774, 0.7069
3.1773, 0.7079
3.1773, 0.7088
3.1773, 0.7099
3.1773, 0.7107
3.1773, 0.7118
3.1773, 0.7127
3.1773, 0.7137
3.1773, 0.7147
3.1773, 0.7156
3.1773, 0.7166
3.1773, 0.7175
3.1773, 0.7185
3.1773, 0.7195
3.1772, 0.7204
3.1772, 0.7214
3.1772, 0.7224
3.1772, 0.7233
3.1772, 0.7243
3.1772, 0.7252
3.1772, 0.7262
3.1772, 0.7271
3.1772, 0.7281
3.1772, 0.729
3.1772, 0.73
3.1772, 0.7309
3.1772, 0.732
3.1771, 0.7328
3.1771, 0.7339
3.1867, 0.7349
3.1867, 0.7358
3.1867, 0.7368
3.1867, 0.7377
3.1865, 0.7387
3.1865, 0.7397
3.1865, 0.7406
3.1865, 0.7416
3.1865, 0.7425
3.1865, 0.7435
3.1865, 0.7445
3.1865, 0.7454
3.1865, 0.7464
3.1865, 0.7473
3.1865, 0.7483
3.1865, 0.7492
3.1865, 0.7502
3.1865, 0.7511
3.1865, 0.7522
3.1865, 0.753
3.1865, 0.7541
3.1865, 0.755
3.1865, 0.756
3.1865, 0.757
3.1865, 0.7579
3.1865, 0.7589
3.1865, 0.7599
3.1865, 0.7608
3.1865, 0.7618
3.1865, 0.7627
3.1864, 0.7637
3.1864, 0.7647
3.1864, 0.7656
3.1864, 0.7666
3.1864, 0.7675
3.1864, 0.7685
3.1864, 0.7694
3.1864, 0.7704
3.1864, 0.7713
3.1864, 0.7724
3.1864, 0.7732
3.1864, 0.7743
3.1864, 0.7752
3.1863, 0.7762
3.1863, 0.7772
3.1863, 0.7781
3.1863, 0.7791
3.1959, 0.78
3.1959, 0.781
3.1958, 0.782
3.1958, 0.7829
3.1958, 0.7839
3.1958, 0.7849
3.1958, 0.7858
3.1958, 0.7868
3.1958, 0.7877
3.1958, 0.7887
3.1958, 0.7896
3.1958, 0.7906
3.1958, 0.7915
3.1958, 0.7925
3.1958, 0.7934
3.1957, 0.7945
3.1957, 0.7953
3.1957, 0.7964
3.1957, 0.7974
3.1957, 0.7983
3.1957, 0.7993
3.1957, 0.8002
3.1957, 0.8012
3.1957, 0.8022
3.1957, 0.8031
3.1957, 0.8041
3.1957, 0.805
3.1957, 0.806
3.1956, 0.807
3.1956, 0.8079
3.1956, 0.8089
3.1956, 0.8098
3.1956, 0.8108
3.1956, 0.8117
3.1956, 0.8127
3.1956, 0.8136
3.1956, 0.8147
3.1956, 0.8155
3.1956, 0.8166
3.1956, 0.8175
3.1956, 0.8185
3.1955, 0.8195
3.1955, 0.8204
3.1955, 0.8214
3.1955, 0.8224
3.1955, 0.8233
3.1955, 0.8243
3.1955, 0.8252
3.1955, 0.8262
3.1955, 0.8272
3.1955, 0.8281
3.1955, 0.8291
3.1955, 0.83
3.1955, 0.831
3.1954, 0.8319
3.1954, 0.8329
3.1954, 0.8338
3.1954, 0.8349
3.205, 0.8357
3.205, 0.8368
3.205, 0.8377
3.2049, 0.8387
3.2049, 0.8397
3.2049, 0.8406
3.2049, 0.8416
3.2049, 0.8425
3.2049, 0.8435
3.2049, 0.8445
3.2049, 0.8454
3.2049, 0.8464
3.2049, 0.8474
3.2049, 0.8483
3.2049, 0.8493
3.2049, 0.8502
3.2048, 0.8512
3.2048, 0.8521
3.2048, 0.8531
3.2048, 0.854
3.2048, 0.855
3.2048, 0.8559
3.2048, 0.857
3.2048, 0.8578
3.2048, 0.8589
3.2048, 0.8599
3.2048, 0.8608
3.2048, 0.8618
3.2048, 0.8627
3.2046, 0.8637
3.2046, 0.8647
3.2046, 0.8656
3.2046, 0.8666
3.2046, 0.8675
3.2046, 0.8685
3.2046, 0.8695
3.2046, 0.8704
3.2046, 0.8714
3.2046, 0.8723
3.2046, 0.8733
3.2046, 0.8742
3.2046, 0.8752
3.2046, 0.8761
3.2046, 0.8772
3.2046, 0.878
3.2046, 0.8791
3.2046, 0.88
3.2046, 0.881
3.2046, 0.882
3.2046, 0.8829
3.2046, 0.8839
3.2141, 0.8849
3.2141, 0.8858
3.2141, 0.8868
3.2141, 0.8877
3.2141, 0.8887
3.2141, 0.8897
3.2141, 0.8906
3.2141, 0.8916
3.2141, 0.8925
3.2141, 0.8935
3.214, 0.8944
3.214, 0.8954
3.214, 0.8963
3.214, 0.8974
3.214, 0.8982
3.214, 0.8993
3.214, 0.9002
3.214, 0.9012
3.214, 0.9022
3.214, 0.9031
3.214, 0.9041
3.214, 0.905
3.214, 0.906
3.2139, 0.907
3.2139, 0.9079
3.2139, 0.9089
3.2139, 0.9099
3.2139, 0.9108
3.2139, 0.9118
3.2234, 0.9127
3.2234, 0.9137
3.2234, 0.9146
3.2234, 0.9156
3.2234, 0.9165
3.2234, 0.9175
3.2234, 0.9184
3.2234, 0.9195
3.2234, 0.9203
3.2234, 0.9214
3.2234, 0.9224
3.2234, 0.9233
3.2234, 0.9243
3.2233, 0.9252
3.2233, 0.9262
3.2233, 0.9272
3.2233, 0.9281
3.2233, 0.9291
3.2233, 0.93
3.2233, 0.931
3.2233, 0.932
3.2233, 0.9329
3.2233, 0.9339
3.2233, 0.9348
3.2233, 0.9358
3.2233, 0.9367
3.2232, 0.9377
3.2232, 0.9386
3.2232, 0.9397
3.2232, 0.9405
3.2232, 0.9416
3.2232, 0.9425
3.2327, 0.9435
3.2327, 0.9445
3.2327, 0.9454
3.2327, 0.9464
3.2327, 0.9474
3.2327, 0.9483
3.2327, 0.9493
3.2327, 0.9502
3.2327, 0.9512
3.2327, 0.9522
3.2327, 0.9531
3.2327, 0.9541
3.2327, 0.955
3.2326, 0.956
3.2326, 0.9569
3.2326, 0.9579
3.2326, 0.9588
3.2326, 0.9599
3.2326, 0.9607
3.2326, 0.9618
3.2326, 0.9627
3.2326, 0.9637
3.2326, 0.9647
3.2326, 0.9656
3.2326, 0.9666
3.2326, 0.9675
3.2325, 0.9685
3.2325, 0.9695
3.2325, 0.9704
3.2325, 0.9714
3.2325, 0.9724
3.2325, 0.9733
3.2325, 0.9743
3.242, 0.9752
3.242, 0.9762
3.242, 0.9771
3.242, 0.9781
3.242, 0.979
3.242, 0.98
3.242, 0.9809
3.242, 0.982
3.242, 0.9828
3.242, 0.9839
3.242, 0.9849
3.242, 0.9858
3.242, 0.9868
3.2419, 0.9877
3.2419, 0.9887
3.2515, 0.9897
3.2515, 0.9906
3.2515, 0.9916
3.2515, 0.9925
3.2514, 0.9935
3.2514, 0.9945
3.2514, 0.9954
3.2514, 0.9964
3.2514, 0.9973
3.2514, 0.9983
3.2514, 0.9992
3.2514, 1.0002
3.2514, 1.0012
3.2514, 1.0022
3.2514, 1.0031
3.2514, 1.0041
3.2514, 1.005
3.2513, 1.006
3.2609, 1.007
3.2609, 1.0079
3.2609, 1.0089
3.2609, 1.0099
3.2609, 1.0108
3.2608, 1.0118
3.2608, 1.0127
3.2608, 1.0137
3.2608, 1.0147
3.2608, 1.0156
3.2608, 1.0166
3.2608, 1.0175
3.2608, 1.0185
3.2608, 1.0195
3.2608, 1.0204
3.2703, 1.0214
3.2703, 1.0224
3.2703, 1.0233
3.2703, 1.0243
3.2703, 1.0252
3.2703, 1.0262
3.2703, 1.0272
3.2703, 1.0281
3.2703, 1.0291
3.2702, 1.03
3.2702, 1.031
3.2702, 1.032
3.2702, 1.0329
3.2798, 1.0339
3.2798, 1.0349
3.2797, 1.0358
3.2797, 1.0368
3.2797, 1.0377
3.2797, 1.0387
3.2797, 1.0397
3.2797, 1.0406
3.2797, 1.0416
3.2797, 1.0425
3.2797, 1.0435
3.2797, 1.0445
3.2797, 1.0454
3.2797, 1.0464
3.2892, 1.0474
3.2892, 1.0483
3.2892, 1.0493
3.2892, 1.0502
3.2892, 1.0512
3.2892, 1.0522
3.2892, 1.0531
3.2891, 1.0541
3.2891, 1.055
3.2891, 1.056
3.2891, 1.057
3.2891, 1.0579
3.2891, 1.0589
3.2986, 1.0599
3.2986, 1.0608
3.2986, 1.0618
3.2986, 1.0627
3.2986, 1.0637
3.2986, 1.0647
3.2986, 1.0656
3.2986, 1.0666
3.2986, 1.0675
3.2986, 1.0685
3.2986, 1.0695
3.2986, 1.0704
3.2986, 1.0714
3.2985, 1.0724
3.2985, 1.0733
3.2985, 1.0743
3.2985, 1.0752
3.3081, 1.0762
3.3081, 1.0772
3.308, 1.0781
3.308, 1.0791
3.308, 1.08
3.308, 1.081
3.308, 1.082
3.308, 1.0829
3.308, 1.0839
3.308, 1.0849
3.308, 1.0858
3.308, 1.0868
3.308, 1.0877
3.308, 1.0887
3.3175, 1.0897
3.3175, 1.0906
3.3175, 1.0916
3.3175, 1.0925
3.3175, 1.0935
3.3175, 1.0945
3.3175, 1.0954
3.3175, 1.0964
3.3174, 1.0974
3.3174, 1.0983
3.3174, 1.0993
3.3174, 1.1002
3.3174, 1.1012
3.3174, 1.1022
3.3174, 1.1031
3.3269, 1.1041
3.3269, 1.105
3.3269, 1.106
3.3269, 1.107
3.3269, 1.1078
3.3269, 1.1089
3.3269, 1.1099
3.3364, 1.1108
3.346, 1.1118
3.3555, 1.1118
3.3651, 1.1108
3.3555, 1.1108
3.346, 1.1108
3.3555, 1.1108
3.3651, 1.1099
3.3746, 1.1089
3.3651, 1.1089
3.3746, 1.1078
3.3746, 1.107
3.3747, 1.106
3.3747, 1.105
3.3747, 1.1041
3.3747, 1.1031
3.3747, 1.1022
3.3747, 1.1012
3.3747, 1.1002
3.3747, 1.0993
3.3747, 1.0983
3.3747, 1.0974
3.3747, 1.0964
3.3747, 1.0954
3.3747, 1.0945
3.3843, 1.0935
3.3843, 1.0925
3.3843, 1.0916
3.3843, 1.0906
3.3843, 1.0897
3.3843, 1.0887
3.3843, 1.0877
3.3844, 1.0868
3.3844, 1.0858
3.3844, 1.0849
3.3939, 1.0839
3.3939, 1.0829
3.3939, 1.082
3.3939, 1.081
3.394, 1.08
3.394, 1.0791
3.394, 1.0781
3.394, 1.0772
3.394, 1.0762
3.394, 1.0752
3.394, 1.0743
3.394, 1.0733
3.394, 1.0724
3.394, 1.0714
3.394, 1.0704
3.394, 1.0695
3.394, 1.0685
3.4036, 1.0675
3.4036, 1.0666
3.4036, 1.0656
3.4036, 1.0647
3.4036, 1.0637
3.4036, 1.0627
3.4036, 1.0618
3.4037, 1.0608
3.4037, 1.0599
3.4037, 1.0589
3.4037, 1.0579
3.4037, 1.057
3.4132, 1.056
3.4132, 1.055
3.4133, 1.0541
3.4133, 1.0531
3.4133, 1.0522
3.4228, 1.0512
3.4228, 1.0502
3.4228, 1.0493
3.4228, 1.0483
3.4229, 1.0474
3.4324, 1.0464
3.4324, 1.0454
3.4324, 1.0445
3.442, 1.0435
3.442, 1.0425
3.442, 1.0416
3.4515, 1.0406
3.4516, 1.0397
3.4516, 1.0387
3.4611, 1.0377
3.4611, 1.0368
3.4611, 1.0358
3.4707, 1.0349
3.4707, 1.0339
3.4707, 1.0329
3.4803, 1.032
3.4803, 1.031
3.4803, 1.03
3.4898, 1.0291
3.4898, 1.0281
3.4898, 1.0272
3.4994, 1.0262
3.4994, 1.0252
3.4994, 1.0243
3.4994, 1.0233
3.509, 1.0224
3.509, 1.0214
3.509, 1.0204
3.5185, 1.0195
3.5185, 1.0185
3.5186, 1.0175
3.5281, 1.0166
3.5281, 1.0156
3.5281, 1.0147
3.5377, 1.0137
3.5377, 1.0127
3.5472, 1.0118
3.5472, 1.0108
3.5473, 1.0099
3.5568, 1.0089
3.5664, 1.0079
3.5664, 1.007
3.5758, 1.006
3.5855, 1.005
3.595, 1.0041
3.6046, 1.0041
3.6141, 1.0031
3.6237, 1.0031
3.6332, 1.0031
3.6428, 1.0022
3.6522, 1.0031
3.6619, 1.0031
3.6714, 1.0031
3.681, 1.0031
3.6905, 1.0041
3.7, 1.0041
3.7096, 1.0041
3.7191, 1.0041
3.7287, 1.0041
3.7382, 1.0041
3.7478, 1.0041
3.7572, 1.0041
3.7669, 1.0041
3.7764, 1.0041
3.786, 1.0041
3.7955, 1.005
3.805, 1.006
3.8146, 1.007
3.8241, 1.007
3.8336, 1.0079
3.8432, 1.0089
3.8527, 1.0099
3.8622, 1.0099
3.8718, 1.0108
3.8814, 1.0118
3.8909, 1.0127
3.9003, 1.0137
3.91, 1.0147
3.9195, 1.0156
3.9291, 1.0166
3.9386, 1.0175
3.9481, 1.0175
3.9577, 1.0185
3.9672, 1.0195
3.9768, 1.0195
3.9863, 1.0195
3.9959, 1.0195
4.0054, 1.0195
4.015, 1.0204
4.0245, 1.0204
4.034, 1.0214
4.0436, 1.0214
4.0531, 1.0214
4.0627, 1.0224
4.0722, 1.0224
4.0818, 1.0233
4.0913, 1.0243
4.0913, 1.0252
4.1008, 1.0262
4.1008, 1.0272
4.1104, 1.0281
4.1199, 1.0291
4.1294, 1.03
4.139, 1.031
4.1485, 1.031
4.1581, 1.031
4.1676, 1.031
4.1772, 1.031
4.1867, 1.031
4.1963, 1.03
4.2058, 1.0291
4.2154, 1.0291
4.2248, 1.0281
4.2345, 1.0281
4.244, 1.0281
4.2536, 1.0281
4.2631, 1.0281
4.2726, 1.0291
4.2822, 1.0291
4.2917, 1.03
4.3013, 1.031
4.3108, 1.032
4.3108, 1.0329
4.3203, 1.0339
4.3299, 1.0339
4.3394, 1.0349
4.349, 1.0349
4.3585, 1.0349
4.3681, 1.0349
4.3776, 1.0339
4.3872, 1.0339
4.3967, 1.0329
4.4062, 1.032
4.4158, 1.032
4.4254, 1.031
4.4349, 1.031
4.4445, 1.03
4.454, 1.0291
4.4636, 1.0281
4.4636, 1.0272
4.4731, 1.0262
4.4731, 1.0252
4.4732, 1.0243
4.4827, 1.0233
4.4827, 1.0224
4.4923, 1.0214
4.4923, 1.0204
4.5018, 1.0195
4.5114, 1.0185
4.5114, 1.0175
4.5209, 1.0166
4.521, 1.0156
4.521, 1.0147
4.5305, 1.0137
4.5305, 1.0127
4.5401, 1.0118
4.5401, 1.0108
4.5401, 1.0099
4.5497, 1.0089
4.5497, 1.0079
4.5497, 1.007
4.5592, 1.006
4.5592, 1.005
4.5592, 1.0041
4.5592, 1.0031
4.5688, 1.0022
4.5688, 1.0012
4.5688, 1.0002
4.5688, 0.9992
4.5784, 0.9983
4.5784, 0.9973
4.5784, 0.9964
4.5878, 0.9954
4.588, 0.9945
4.588, 0.9935
4.588, 0.9925
4.588, 0.9916
4.588, 0.9906
4.5975, 0.9897
4.5975, 0.9887
4.5976, 0.9877
4.5976, 0.9868
4.5976, 0.9858
4.6071, 0.9849
4.6071, 0.9839
4.6071, 0.9828
4.6071, 0.982
4.6072, 0.9809
4.6072, 0.98
4.6072, 0.979
4.6167, 0.9781
4.6167, 0.9771
4.6167, 0.9762
4.6167, 0.9752
4.6168, 0.9743
4.6168, 0.9733
4.6168, 0.9724
4.6263, 0.9714
4.6263, 0.9704
4.6263, 0.9695
4.6263, 0.9685
4.6263, 0.9675
4.6359, 0.9666
4.6359, 0.9656
4.6359, 0.9647
4.6359, 0.9637
4.6359, 0.9627
4.6359, 0.9618
4.636, 0.9607
4.6455, 0.9599
4.6455, 0.9588
4.6455, 0.9579
4.6455, 0.9569
4.6455, 0.956
4.6455, 0.955
4.6456, 0.9541
4.6551, 0.9531
4.6551, 0.9522
4.6551, 0.9512
4.6551, 0.9502
4.6551, 0.9493
4.6551, 0.9483
4.6552, 0.9474
4.6646, 0.9464
4.6646, 0.9454
4.6646, 0.9445
4.6646, 0.9435
4.6646, 0.9425
4.6646, 0.9416
4.6743, 0.9405
4.6743, 0.9397
4.6743, 0.9386
4.6743, 0.9377
4.6743, 0.9367
4.6839, 0.9358
4.6839, 0.9348
4.6839, 0.9339
4.6839, 0.9329
4.6935, 0.9329
4.7029, 0.932
4.7029, 0.931
4.7126, 0.931
4.7221, 0.932
4.7126, 0.932
4.7221, 0.9329
4.7316, 0.9339
4.7221, 0.9339
4.7316, 0.9348
4.7316, 0.9358
4.7316, 0.9367
4.7316, 0.9377
4.741, 0.9386
4.741, 0.9397
4.741, 0.9405
4.741, 0.9416
4.741, 0.9425
4.741, 0.9435
4.741, 0.9445
4.741, 0.9454
4.741, 0.9464
4.7506, 0.9474
4.7506, 0.9483
4.7506, 0.9493
4.7506, 0.9502
4.7506, 0.9512
4.7506, 0.9522
4.7506, 0.9531
4.7601, 0.9541
4.7601, 0.955
4.7601, 0.956
4.7601, 0.9569
4.7601, 0.9579
4.7601, 0.9588
4.7601, 0.9599
4.7601, 0.9607
4.7696, 0.9618
4.7696, 0.9627
4.7696, 0.9637
4.7696, 0.9647
4.7696, 0.9656
4.7696, 0.9666
4.7791, 0.9675
4.7791, 0.9685
4.7791, 0.9695
4.7791, 0.9704
4.7791, 0.9714
4.7886, 0.9724
4.7886, 0.9733
4.7886, 0.9743
4.7886, 0.9752
4.7886, 0.9762
4.7886, 0.9771
4.7886, 0.9781
4.7981, 0.979
4.7981, 0.98
4.7981, 0.9809
4.7981, 0.982
4.7981, 0.9828
4.8075, 0.9839
4.8075, 0.9849
4.8075, 0.9858
4.8075, 0.9868
4.8075, 0.9877
4.8075, 0.9887
4.8171, 0.9897
4.8171, 0.9906
4.8171, 0.9916
4.8171, 0.9925
4.8266, 0.9935
4.8266, 0.9945
4.8266, 0.9954
4.8266, 0.9964
4.8361, 0.9973
4.8361, 0.9983
4.8361, 0.9992
4.8361, 1.0002
4.8457, 1.0012
4.8456, 1.0022
4.8456, 1.0031
4.8456, 1.0041
4.8552, 1.005
4.8552, 1.006
4.8552, 1.007
4.8647, 1.0079
4.8647, 1.0089
4.8647, 1.0099
4.8742, 1.0108
4.8742, 1.0118
4.8742, 1.0127
4.8837, 1.0137
4.8837, 1.0147
4.8837, 1.0156
4.8933, 1.0166
4.9028, 1.0175
4.9028, 1.0185
4.9028, 1.0195
4.9123, 1.0204
4.9123, 1.0214
4.9219, 1.0224
4.9314, 1.0233
4.9409, 1.0243
4.9505, 1.0252
4.96, 1.0262
4.9696, 1.0262
4.979, 1.0272
4.9886, 1.0272
4.9982, 1.0272
5.0077, 1.0281
5.0173, 1.0281
5.0268, 1.0281
5.0364, 1.0291
5.0459, 1.03
5.0554, 1.031
5.065, 1.031
5.0745, 1.032
5.0841, 1.0329
5.0936, 1.0339
5.1031, 1.0349
5.1127, 1.0358
5.1222, 1.0358
5.1318, 1.0368
5.1413, 1.0368
5.1509, 1.0368
5.1604, 1.0368
5.17, 1.0368
5.1795, 1.0368
5.189, 1.0368
5.1985, 1.0368
5.2081, 1.0368
5.2177, 1.0368
5.2272, 1.0368
5.2368, 1.0358
5.2463, 1.0358
5.2559, 1.0358
5.2654, 1.0349
5.275, 1.0349
5.2845, 1.0339
5.2941, 1.0329
5.3035, 1.032
5.3132, 1.032
5.3227, 1.031
5.3323, 1.031
5.3323, 1.03
5.3418, 1.0291
5.3514, 1.0291
5.3514, 1.0281
5.361, 1.0272
5.3705, 1.0262
5.3801, 1.0252
5.3896, 1.0243
5.3896, 1.0233
5.3896, 1.0224
5.3992, 1.0224
5.3992, 1.0214
5.4087, 1.0204
5.4183, 1.0195
5.4278, 1.0195
5.4374, 1.0185
5.447, 1.0175
5.4565, 1.0166
5.4661, 1.0166
5.4661, 1.0156
5.4756, 1.0147
5.4852, 1.0147
5.4852, 1.0137
5.4947, 1.0127
5.4947, 1.0118
5.5043, 1.0108
5.5138, 1.0099
5.5234, 1.0099
5.5234, 1.0089
5.5329, 1.0089
5.5425, 1.0079
5.552, 1.0079
5.5615, 1.007
5.5712, 1.006
5.5807, 1.005
5.5903, 1.0041
5.5903, 1.0031
5.5998, 1.0031
5.6094, 1.0031
5.6189, 1.0022
5.6284, 1.0022
5.638, 1.0022
5.6476, 1.0012
5.6571, 1.0012
5.6667, 1.0012
5.6762, 1.0022
5.6857, 1.0022
5.6953, 1.0031
5.7048, 1.0041
5.7144, 1.005
5.7144, 1.006
5.7239, 1.007
5.7334, 1.0079
5.7429, 1.0089
5.7525, 1.0099
5.762, 1.0108
5.7715, 1.0118
5.7811, 1.0127
5.7907, 1.0127
5.8002, 1.0137
5.8002, 1.0147
5.8002, 1.0156
5.8096, 1.0156
5.8096, 1.0166
5.8193, 1.0175
5.8193, 1.0185
5.8288, 1.0195
5.8288, 1.0204
5.8383, 1.0214
5.8479, 1.0224
5.8479, 1.0233
5.8479, 1.0243
5.8574, 1.0252
5.8574, 1.0262
5.8669, 1.0272
5.8669, 1.0281
5.8669, 1.0291
5.8765, 1.03
5.8763, 1.031
5.8763, 1.032
5.886, 1.0329
5.886, 1.0339
5.8955, 1.0349
5.8955, 1.0358
5.8955, 1.0368
5.905, 1.0377
5.905, 1.0387
5.905, 1.0397
5.905, 1.0406
5.905, 1.0416
5.9144, 1.0425
5.9144, 1.0435
5.9144, 1.0445
5.9241, 1.0454
5.9241, 1.0464
5.924, 1.0474
5.924, 1.0483
5.9336, 1.0493
5.9336, 1.0502
5.9336, 1.0512
5.9431, 1.0522
5.9431, 1.0531
5.9431, 1.0541
5.9526, 1.055
5.9526, 1.056
5.9622, 1.057
5.9621, 1.0579
5.9621, 1.0589
5.9717, 1.0599
5.9717, 1.0608
5.9811, 1.0618
5.9811, 1.0627
5.9811, 1.0637
5.9907, 1.0647
6.0003, 1.0656
6.0098, 1.0666
6.0194, 1.0675
6.0289, 1.0685
6.0384, 1.0685
6.048, 1.0695
6.048, 1.0704
6.0575, 1.0714
6.067, 1.0724
6.0766, 1.0724
6.0861, 1.0724
6.0861, 1.0714
6.0957, 1.0704
6.1053, 1.0695
6.1053, 1.0685
6.1148, 1.0675
6.1148, 1.0666
6.1148, 1.0656
6.1244, 1.0647
6.1244, 1.0637
6.1244, 1.0627
6.134, 1.0618
6.134, 1.0608
6.134, 1.0599
6.134, 1.0589
6.134, 1.0579
6.134, 1.057
6.134, 1.056
6.134, 1.055
6.134, 1.0541
6.134, 1.0531
6.134, 1.0522
6.1436, 1.0512
6.1436, 1.0502
6.1436, 1.0493
6.1436, 1.0483
6.1436, 1.0474
6.1436, 1.0464
6.1436, 1.0454
6.1436, 1.0445
6.1436, 1.0435
6.1437, 1.0425
6.1437, 1.0416
6.1437, 1.0406
6.1437, 1.0397
6.1437, 1.0387
6.1437, 1.0377
6.1437, 1.0368
6.1437, 1.0358
6.1533, 1.0349
6.1533, 1.0339
6.1533, 1.0329
6.1533, 1.032
6.1533, 1.031
6.1533, 1.03
6.1533, 1.0291
6.1533, 1.0281
6.1533, 1.0272
6.1533, 1.0262
6.1533, 1.0252
6.1533, 1.0243
6.1534, 1.0233
6.1534, 1.0224
6.1534, 1.0214
6.1534, 1.0204
6.1534, 1.0195
6.1534, 1.0185
6.1534, 1.0175
6.1534, 1.0166
6.163, 1.0156
6.163, 1.0147
6.163, 1.0137
6.163, 1.0127
6.163, 1.0118
6.163, 1.0108
6.163, 1.0099
6.163, 1.0089
6.163, 1.0079
6.163, 1.007
6.163, 1.006
6.163, 1.005
6.1631, 1.0041
6.1631, 1.0031
6.1631, 1.0022
6.1631, 1.0012
6.1631, 1.0002
6.1631, 0.9992
6.1631, 0.9983
6.1631, 0.9973
6.1631, 0.9964
6.1631, 0.9954
6.1631, 0.9945
6.1727, 0.9935
6.1727, 0.9925
6.1727, 0.9916
6.1727, 0.9906
6.1727, 0.9897
6.1727, 0.9887
6.1727, 0.9877
6.1727, 0.9868
6.1727, 0.9858
6.1728, 0.9849
6.1728, 0.9839
6.1728, 0.9828
6.1728, 0.982
6.1728, 0.9809
6.1728, 0.98
6.1728, 0.979
6.1728, 0.9781
6.1728, 0.9771
6.1728, 0.9762
6.1728, 0.9752
6.1728, 0.9743
6.1728, 0.9733
6.1729, 0.9724
6.1729, 0.9714
6.1729, 0.9704
6.1824, 0.9695
6.1824, 0.9685
6.1824, 0.9675
6.1824, 0.9666
6.1825, 0.9656
6.1825, 0.9647
6.1825, 0.9637
6.1825, 0.9627
6.1825, 0.9618
6.1825, 0.9607
6.1825, 0.9599
6.1825, 0.9588
6.1825, 0.9579
6.1825, 0.9569
6.1825, 0.956
6.1825, 0.955
6.1825, 0.9541
6.1826, 0.9531
6.1826, 0.9522
6.1826, 0.9512
6.1826, 0.9502
6.1826, 0.9493
6.1826, 0.9483
6.1826, 0.9474
6.1826, 0.9464
6.1826, 0.9454
6.1826, 0.9445
6.1826, 0.9435
6.1826, 0.9425
6.1826, 0.9416
6.1827, 0.9405
6.1827, 0.9397
6.1827, 0.9386
6.1827, 0.9377
6.1827, 0.9367
6.1827, 0.9358
6.1827, 0.9348
6.1827, 0.9339
6.1827, 0.9329
6.1827, 0.932
6.1827, 0.931
6.1827, 0.93
6.1827, 0.9291
6.1828, 0.9281
6.1828, 0.9272
6.1828, 0.9262
6.1828, 0.9252
6.1828, 0.9243
6.1828, 0.9233
6.1828, 0.9224
6.1828, 0.9214
6.1924, 0.9203
6.1924, 0.9195
6.1924, 0.9184
6.1924, 0.9175
6.1924, 0.9165
6.1924, 0.9156
6.1924, 0.9146
6.1924, 0.9137
6.1924, 0.9127
6.1924, 0.9118
6.1924, 0.9108
6.1924, 0.9099
6.1925, 0.9089
6.1925, 0.9079
6.1925, 0.907
6.1925, 0.906
6.1925, 0.905
6.1925, 0.9041
6.1925, 0.9031
6.1925, 0.9022
6.1925, 0.9012
6.1925, 0.9002
6.1925, 0.8993
6.1925, 0.8982
6.1925, 0.8974
6.1926, 0.8963
6.1926, 0.8954
6.1926, 0.8944
6.1926, 0.8935
6.1926, 0.8925
6.1926, 0.8916
6.1926, 0.8906
6.1926, 0.8897
6.1926, 0.8887
6.1926, 0.8877
6.1926, 0.8868
6.1926, 0.8858
6.1926, 0.8849
6.1927, 0.8839
6.1927, 0.8829
6.1927, 0.882
6.1927, 0.881
6.1927, 0.88
6.1927, 0.8791
6.1927, 0.878
6.1927, 0.8772
6.1927, 0.8761
6.1927, 0.8752
6.1927, 0.8742
6.1927, 0.8733
6.1927, 0.8723
6.1927, 0.8714
6.1928, 0.8704
6.1928, 0.8695
6.1928, 0.8685
6.1928, 0.8675
6.1928, 0.8666
6.1928, 0.8656
6.1928, 0.8647
6.1928, 0.8637
6.1928, 0.8627
6.1928, 0.8618
6.2024, 0.8608
6.2024, 0.8599
6.2024, 0.8589
6.2024, 0.8578
6.2024, 0.857
6.2024, 0.8559
6.2024, 0.855
6.2024, 0.854
6.2024, 0.8531
6.2024, 0.8521
6.2025, 0.8512
6.2025, 0.8502
6.2025, 0.8493
6.2025, 0.8483
6.2025, 0.8474
6.2025, 0.8464
6.2025, 0.8454
6.2025, 0.8445
6.2025, 0.8435
6.2025, 0.8425
6.2025, 0.8416
6.2025, 0.8406
6.2025, 0.8397
6.2026, 0.8387
6.2026, 0.8377
6.2026, 0.8368
6.2026, 0.8357
6.2026, 0.8349
6.2026, 0.8338
6.2026, 0.8329
6.2026, 0.8319
6.2026, 0.831
6.2026, 0.83
6.2026, 0.8291
6.2026, 0.8281
6.2026, 0.8272
6.2027, 0.8262
6.2027, 0.8252
6.2027, 0.8243
6.2027, 0.8233
6.2027, 0.8224
6.2027, 0.8214
6.2027, 0.8204
6.2027, 0.8195
6.2027, 0.8185
6.2027, 0.8175
6.2027, 0.8166
6.2027, 0.8155
6.2027, 0.8147
6.2028, 0.8136
6.2028, 0.8127
6.2028, 0.8117
6.2028, 0.8108
6.2028, 0.8098
6.2028, 0.8089
6.2028, 0.8079
6.2028, 0.807
6.2028, 0.806
6.2028, 0.805
6.2028, 0.8041
6.2028, 0.8031
6.2028, 0.8022
6.2029, 0.8012
6.2029, 0.8002
6.2029, 0.7993
6.2029, 0.7983
6.2029, 0.7974
6.2029, 0.7964
6.2029, 0.7953
6.2029, 0.7945
6.2029, 0.7934
6.2029, 0.7925
6.2029, 0.7915
6.2029, 0.7906
6.2029, 0.7896
6.203, 0.7887
6.2125, 0.7877
6.2125, 0.7868
6.2125, 0.7858
6.2125, 0.7849
6.2125, 0.7839
6.2125, 0.7829
6.2126, 0.782
6.2126, 0.781
6.2126, 0.78
6.2126, 0.7791
6.2126, 0.7781
6.2126, 0.7772
6.2126, 0.7762
6.2126, 0.7752
6.2126, 0.7743
6.2126, 0.7732
6.2126, 0.7724
6.2126, 0.7713
6.2126, 0.7704
6.2127, 0.7694
6.2127, 0.7685
6.2127, 0.7675
6.2127, 0.7666
6.2127, 0.7656
6.2127, 0.7647
6.2127, 0.7637
6.2127, 0.7627
6.2127, 0.7618
6.2127, 0.7608
6.2127, 0.7599
6.2127, 0.7589
6.2127, 0.7579
6.2128, 0.757
6.2128, 0.756
6.2128, 0.755
6.2128, 0.7541
6.2128, 0.753
6.2128, 0.7522
6.2128, 0.7511
6.2128, 0.7502
6.2128, 0.7492
6.2128, 0.7483
6.2128, 0.7473
6.2128, 0.7464
6.2128, 0.7454
6.2129, 0.7445
6.2129, 0.7435
6.2129, 0.7425
6.2129, 0.7416
6.2129, 0.7406
6.2129, 0.7397
6.2129, 0.7387
6.2129, 0.7377
6.2129, 0.7368
6.2129, 0.7358
6.2129, 0.7349
6.2129, 0.7339
6.2129, 0.7328
6.213, 0.732
6.213, 0.7309
6.213, 0.73
6.213, 0.729
6.213, 0.7281
6.213, 0.7271
6.213, 0.7262
6.213, 0.7252
6.213, 0.7243
6.213, 0.7233
6.213, 0.7224
6.213, 0.7214
6.213, 0.7204
6.2131, 0.7195
6.2131, 0.7185
6.2226, 0.7175
6.2226, 0.7166
6.2226, 0.7156
6.2226, 0.7147
6.2226, 0.7137
6.2227, 0.7127
6.2227, 0.7118
6.2227, 0.7107
6.2227, 0.7099
6.2227, 0.7088
6.2227, 0.7079
6.2227, 0.7069
6.2227, 0.706
6.2227, 0.705
6.2227, 0.7041
6.2227, 0.7031
6.2227, 0.7022
6.2227, 0.7012
6.2227, 0.7002
6.2227, 0.6993
6.2227, 0.6983
6.2227, 0.6974
6.2227, 0.6964
6.2227, 0.6954
6.2227, 0.6945
6.2227, 0.6935
6.2227, 0.6925
6.2227, 0.6916
6.2227, 0.6905
6.2227, 0.6897
6.2227, 0.6886
6.2229, 0.6877
6.2229, 0.6867
6.2229, 0.6858
6.2229, 0.6848
6.2229, 0.6839
6.2229, 0.6829
6.2229, 0.682
6.2229, 0.681
6.2229, 0.68
6.2229, 0.6791
6.2229, 0.6781
6.2229, 0.6772
6.2229, 0.6762
6.2229, 0.6752
6.223, 0.6743
6.223, 0.6733
6.223, 0.6724
6.223, 0.6714
6.223, 0.6703
6.223, 0.6695
6.223, 0.6684
6.223, 0.6675
6.223, 0.6665
6.223, 0.6656
6.223, 0.6646
6.223, 0.6637
6.223, 0.6627
6.2231, 0.6618
6.2231, 0.6608
6.2231, 0.6599
6.2231, 0.6589
6.2231, 0.6579
6.2231, 0.657
6.2231, 0.656
6.2231, 0.655
6.2231, 0.6541
6.2231, 0.6531
6.2327, 0.6522
6.2327, 0.6512
6.2327, 0.6502
6.2327, 0.6493
6.2327, 0.6482
6.2327, 0.6474
6.2327, 0.6463
6.2327, 0.6454
6.2327, 0.6444
6.2327, 0.6435
6.2328, 0.6425
6.2328, 0.6416
6.2328, 0.6406
6.2328, 0.6397
6.2328, 0.6387
6.2328, 0.6377
6.2328, 0.6368
6.2328, 0.6358
6.2328, 0.6349
6.2328, 0.6339
6.2328, 0.6329
6.2328, 0.632
6.2328, 0.631
6.2328, 0.63
6.2328, 0.6291
6.2328, 0.628
6.2328, 0.6272
6.2328, 0.6261
6.2328, 0.6252
6.2328, 0.6242
6.2328, 0.6233
6.2328, 0.6223
6.2328, 0.6214
6.2328, 0.6204
6.2328, 0.6195
6.2328, 0.6185
6.233, 0.6175
6.233, 0.6166
6.233, 0.6156
6.233, 0.6147
6.233, 0.6137
6.233, 0.6127
6.233, 0.6118
6.233, 0.6108
6.233, 0.6099
6.233, 0.6089
6.233, 0.6078
6.233, 0.607
6.233, 0.6059
6.2331, 0.605
6.2331, 0.604
6.2426, 0.6031
6.2426, 0.6021
6.2426, 0.6012
6.2426, 0.6002
6.2426, 0.5993
6.2427, 0.5983
6.2427, 0.5974
6.2427, 0.5964
6.2427, 0.5954
6.2427, 0.5945
6.2427, 0.5935
6.2427, 0.5925
6.2427, 0.5916
6.2427, 0.5906
6.2427, 0.5897
6.2427, 0.5887
6.2427, 0.5877
6.2427, 0.5868
6.2428, 0.5857
6.2428, 0.5849
6.2428, 0.5838
6.2428, 0.5829
6.2428, 0.5819
6.2428, 0.581
6.2428, 0.58
6.2428, 0.5791
6.2428, 0.5781
6.2428, 0.5772
6.2428, 0.5762
6.2428, 0.5752
6.2428, 0.5743
6.2429, 0.5733
6.2429, 0.5724
6.2429, 0.5714
6.2429, 0.5704
6.2429, 0.5695
6.2429, 0.5685
6.2429, 0.5675
6.2429, 0.5666
6.2429, 0.5655
6.2429, 0.5647
6.2429, 0.5636
6.2429, 0.5627
6.2429, 0.5617
6.2429, 0.5608
6.2429, 0.5598
6.2429, 0.5589
6.2429, 0.5579
6.2429, 0.557
6.2525, 0.556
6.2525, 0.555
6.2526, 0.5541
6.2526, 0.5531
6.2526, 0.5522
6.2526, 0.5512
6.2526, 0.5502
6.2526, 0.5493
6.2526, 0.5483
6.2526, 0.5474
6.2526, 0.5464
6.2526, 0.5453
6.2526, 0.5445
6.2526, 0.5434
6.2526, 0.5425
6.2527, 0.5415
6.2527, 0.5406
6.2527, 0.5396
6.2527, 0.5387
6.2527, 0.5377
6.2527, 0.5368
6.2527, 0.5358
6.2527, 0.5349
6.2527, 0.5339
6.2527, 0.5329
6.2527, 0.532
6.2527, 0.531
6.2527, 0.53
6.2528, 0.5291
6.2623, 0.5281
6.2623, 0.5272
6.2623, 0.5262
6.2623, 0.5252
6.2623, 0.5243
6.2623, 0.5232
6.2624, 0.5224
6.2624, 0.5213
6.2719, 0.5204
6.2719, 0.5194
